12,0.4115810459999807,Parent + offspring, 10, [  6.57546071   0.64792552 -19.44286201] ,[0.733412   0.60226537 4.00472911]
68,2.006247175999988,Parent,offspring, 10, [6.63266834 1.91126136 0.6268005 ] ,[4.90009390e-05 1.88181796e-04 1.97561328e-05]
48,7.471707537999976,Parent + offspring, 50, [  6.63338516   1.91076377 -19.38336593] ,[3.67189492e-05 7.89127419e-05 1.33927746e-05]
43,5.980630713000011,Parent,offspring, 50, [  6.63334164   1.91094662 -19.38337181] ,[1.52302903e-04 8.45580165e-05 2.65276533e-05]
43,9.206647568000022,Parent + offspring, 70, [ 6.63332007  1.910832   19.38335392] ,[7.97031887e-05 4.61944549e-04 3.01785565e-05]
42,8.280346170000001,Parent,offspring, 70, [ 6.63331403  1.91084073 20.63692362] ,[5.81075912e-05 2.64664730e-04 2.34416336e-05]
35,10.80871849600004,Parent + offspring, 100, [6.63334839 1.9107971  0.62678282] ,[5.62160358e-05 4.66026793e-04 8.99166326e-06]
39,10.84070951199999,Parent,offspring, 100, [6.63340959 1.91066831 0.62678351] ,[0.00019142 0.00063792 0.00011637]
44,20.09491201999998,Parent + offspring, 150, [  6.63336768   1.91082266 -20.63692784] ,[1.08879585e-04 1.01797908e-04 1.19372033e-05]
41,16.987059490999968,Parent,offspring, 150, [  6.63338121   1.91073831 -19.38336461] ,[1.36143390e-04 1.09243216e-05 1.25903096e-05]
38,22.906703274999984,Parent + offspring, 200, [6.63336016 1.91078216 0.62677668] ,[9.35677478e-04 7.07384370e-04 3.83147020e-05]
38,20.962834006000037,Parent,offspring, 200, [ 6.63338552  1.91080737 -0.62678288] ,[1.06969250e-04 6.11742535e-04 2.85949775e-05]
36,55.25609800199999,Parent + offspring, 500, [6.63335246 1.91080028 0.62678522] ,[5.86272041e-04 1.45885792e-03 5.96320280e-05]
32,44.658120903999986,Parent,offspring, 500, [ 6.63331759  1.91072306 -0.62678318] ,[4.51711664e-05 5.18458320e-05 2.26220774e-05]
37,113.41874069199997,Parent + offspring, 1000, [6.63333271 1.91079401 0.62678701] ,[1.34670216e-04 3.16785536e-05 1.75202262e-05]
34,96.092692338,Parent,offspring, 1000, [6.63334211 1.91075059 0.62678235] ,[1.14262596e-04 1.13467193e-04 3.56156031e-05]
31,143.62672297899996,Parent + offspring, 1500, [ 6.63332541  1.9107807  -0.62678423] ,[4.37696644e-04 5.89418779e-04 1.33262313e-05]
34,143.075543175,Parent,offspring, 1500, [  6.63334785   1.91078181 -20.63693135] ,[1.24597902e-04 3.63488983e-05 1.56560534e-06]
